id	sex	genotype	year	Bfg092	Bfg131	kank1	D1_int1	D1_int2	D1_int5	D3	Bfg021	Bfg147
M001	M	XX	2014	359,388	191,191	168,189	326,336	198,211	296,296	293,321	152,165	330,330
M006	M	XX	2014	393,395	204,210	163,163	301,333	198,198	296,296	293,318	154,154	333,338
M007	M	XX	2014	378,395	210,210	163,168	333,336	198,198	296,303	304,306	152,159	320,338
M010	M	XX	2014	349,385	191,197	163,189	319,336	198,198	296,300	302,341	154,167	316,324
M011	M	XX	2014	356,381	191,207	163,168	315,326	198,211	296,298	285,341	152,154	311,316
M016	M	XX	2014	349,368	191,204	168,168	304,336	198,198	296,302	291,318	152,152	304,320
M017	M	XX	2014	356,398	191,197	163,189	326,333	198,211	296,296	297,341	152,167	311,320
M019	M	XX	2014	364,376	191,191	163,189	301,326	198,211	296,296	318,341	152,154	316,320
M027	M	XX	2014	329,385	210,229	163,183	304,336	198,198	296,296	296,321	154,160	330,342
M028	M	XX	2014	341,406	191,191	168,168	326,326	211,211	296,296	341,341	152,159	316,324
M036	M	XX	2014	364,381	191,191	163,168	304,326	198,211	296,296	324,341	152,154	320,320
M038	M	XX	2014	345,345	191,210	168,168	304,336	198,198	296,296	324,341	152,152	316,316
M039	M	XX	2014	345,411	191,191	168,168	319,326	198,211	296,296	321,341	152,161	316,320
M043	M	XX	2014	353,364	191,207	168,168	333,336	198,198	296,302	304,321	154,154	282,338
M044	M	XX	2014	356,385	191,191	163,163	336,336	198,198	296,302	304,318	152,159	308,320
M046	M	XX	2014	345,385	191,197	163,189	304,304	198,198	296,296	291,324	152,154	316,316
M048	M	XX	2014	354,378	197,229	177,189	336,336	198,198	296,296	293,304	154,167	304,333
M049	M	XX	2014	364,395	210,210	163,189	307,336	198,211	296,303	296,321	152,172	311,338
M050	M	XX	2014	349,381	191,242	163,168	336,336	198,198	296,302	303,318	167,172	311,320
M052	M	XX	2014	345,359	191,191	163,189	336,336	198,198	296,300	302,307	154,160	320,324
M053	M	XX	2014	329,423	191,210	163,163	336,336	198,198	296,296	290,290	152,152	311,316
M056	M	XX	2014	378,383	242,242	163,163	301,326	198,211	296,296	318,335	152,154	308,316
M057	M	XX	2014	385,411	191,197	163,189	316,336	198,198	296,298	307,318	152,159	320,330
M058	M	XX	2014	349,364	197,204	163,163	326,336	198,211	296,296	296,341	154,154	316,324
M059	M	XX	2014	340,423	191,191	163,163	326,333	198,211	296,303	300,341	152,162	316,320
M061	M	XX	2014	372,415	191,212	168,189	319,336	198,198	296,296	296,341	154,159	275,320
M064	M	XX	2014	356,385	197,207	163,189	319,326	198,211	296,296	304,341	153,163	300,308
M066	M	XX	2014	356,356	191,207	163,189	326,336	198,211	296,296	318,335	152,159	286,338
M069	M	XX	2014	344,356	191,191	168,189	333,336	198,198	296,303	296,307	160,160	316,324
M081	M	XX	2014	364,423	191,191	163,163	333,336	198,198	296,303	306,318	152,163	308,333
M084	M	XX	2014	385,423	191,197	163,189	304,333	198,198	303,303	293,306	153,160	308,333
M085	M	XX	2014	356,385	191,197	163,163	336,336	198,198	296,296	296,307	159,159	286,320
M087	M	XX	2014	381,385	197,197	189,189	315,319	198,198	296,296	291,341	152,152	330,342
M089	M	XX	2014	354,364	184,187	168,168	326,333	198,211	296,298	324,341	152,159	333,342
M091	M	XX	2014	344,355	191,197	163,168	336,336	198,198	296,296	291,304	154,163	308,338
M100	M	XX	2014	385,398	197,254	163,189	319,336	198,198	296,296	307,341	152,152	342,342
M103	M	XX	2014	364,411	191,191	163,163	336,336	198,198	296,296	296,307	154,154	271,324
M110	M	XX	2014	344,345	191,210	163,168	326,336	198,211	296,296	304,341	154,159	308,320
M114	M	XX	2014	349,378	191,229	163,168	326,333	198,211	296,296	331,341	152,159	304,338
M115	M	XX	2014	329,385	191,229	168,183	304,336	198,198	296,296	296,321	152,160	308,330
M123	M	XX	2014	337,356	191,207	168,177	336,336	198,198	296,296	292,304	152,152	333,338
M135	M	XX	2014	354,364	191,191	163,163	326,333	198,211	296,303	306,341	152,159	308,324
M140	M	XX	2014	364,406	191,191	163,163	301,333	198,198	296,296	304,318	152,154	308,324
M142	M	XX	2014	378,395	191,191	163,189	304,336	198,198	296,296	288,324	152,163	308,316
M143	M	XX	2014	364,381	191,191	168,168	326,333	198,211	296,298	324,341	154,154	286,320
M146	M	XX	2014	329,385	210,210	163,183	304,336	198,198	296,296	296,321	154,160	330,342
M147	M	XX	2014	364,385	191,191	163,163	301,301	198,198	296,296	291,318	152,163	279,316
M148	M	XX	2014	363,393	204,229	163,189	333,336	198,198	296,296	293,307	152,154	311,333
M150	M	XX	2014	329,341	210,210	168,189	304,319	198,198	296,296	321,341	152,160	311,320
M151	M	XX	2014	356,359	191,197	177,189	326,326	211,211	296,296	341,341	152,154	324,338
M152	M	XX	2014	363,381	191,191	168,189	304,336	198,198	296,296	324,341	152,159	320,320
M153	M	XX	2014	378,393	191,204	163,163	333,333	198,198	296,296	292,297	154,154	320,338
M154	M	XX	2014	354,385	184,197	168,189	304,333	198,198	296,303	284,306	154,160	333,333
M156	M	XX	2014	356,360	191,197	177,189	326,336	198,211	296,296	304,341	156,165	304,324
M158	M	XX	2014	329,356	184,210	168,189	326,326	211,211	296,296	341,343	153,153	304,324
M159	M	XX	2014	344,364	191,197	189,189	304,336	198,198	296,296	291,307	152,152	320,333
M170	M	XX	2014	345,401	191,207	168,189	301,336	198,198	296,303	303,318	152,154	275,311
M174	M	XX	2014	325,344	191,214	163,189	333,333	198,198	298,298	318,321	167,167	316,338
M178	M	XX	2014	364,385	191,191	163,163	336,336	198,198	296,296	291,304	152,152	279,316
M179	M	XX	2014	376,423	191,191	163,189	304,333	198,198	296,296	291,296	152,152	320,342
M181	M	XX	2014	356,356	191,197	163,189	326,333	198,211	296,296	318,321	159,165	308,324
M182	M	XX	2014	364,406	191,210	163,168	336,336	198,198	296,302	307,318	158,159	308,342
M184	M	XX	2014	345,349	191,210	163,189	326,336	198,211	296,296	296,315	154,167	324,338
M185	M	XX	2014	374,419	191,229	163,163	319,336	198,198	296,296	321,341	145,154	324,342
M188	M	XX	2014	364,393	191,197	163,189	301,336	198,198	296,300	302,318	167,167	286,324
M189	M	XX	2014	356,364	207,207	163,168	336,336	198,198	296,296	304,341	154,154	294,316
M192	M	XX	2014	345,378	191,210	163,168	307,333	198,211	303,304	296,306	159,160	320,333
M193	M	XX	2014	385,395	197,210	163,163	304,307	198,211	303,304	293,296	153,153	304,308
M199	M	XX	2014	349,381	184,191	168,168	326,326	211,211	296,296	341,341	152,178	320,320
META03M	M	XX	2014	423,423	191,207	163,163	304,333	198,198	296,303	304,306	152,154	286,338
META10M	M	XX	2014	357,383	210,242	168,189	336,336	198,198	296,296	307,321	152,154	275,316
META11M	M	XX	2014	353,353	191,212	168,189	326,333	198,211	296,303	306,341	159,154	308,324
META12M	M	XX	2014	378,395	191,210	163,168	326,333	198,211	296,298	318,341	154,154	333,330
META17M	M	XX	2014	378,378	191,210	168,189	304,333	198,198	296,303	306,324	159,154	320,320
META28M	M	XX	2014	364,385	191,197	168,189	304,326	198,211	296,296	291,341	152,162	320,320
META29M	M	XX	2014	381,381	184,184	163,189	304,336	198,198	296,296	304,324	165,167	282,330
META30M	M	XX	2014	389,423	191,210	168,189	326,335	198,211	296,301	300,341	152,182	304,316
META35M	M	XX	2014	423,423	212,229	168,189	301,307	198,198	296,296	318,343	159,136	304,333
META36M	M	XX	2014	360,364	184,204	163,168	336,336	198,198	296,302	296,318	154,163	308,324
M198	M	YA1a	2014	333,364	191,207	189,168	304,333	191,198	303,297	255,306	159,187	320,324
META13M	M	YA1a	2014	333,357	197,207	189,177	304,326	191,211	296,297	255,341	152,152	308,324
M020	M	YB10	2014	364,381	191,191	163,163	294,336	198,198	296,301	273,291	172,163	275,333
M040	M	YB10	2014	372,385	191,216	163,189	294,304	198,198	296,301	273,291	163,163	304,333
M067	M	YB10	2014	381,381	223,230	163,168	294,304	198,198	296,301	273,321	161,163	311,338
M072	M	YB10	2014	341,359	191,191	163,163	294,336	198,198	296,301	273,291	167,163	308,316
M075	M	YB10	2014	385,427	191,197	163,163	294,336	198,198	296,301	273,318	152,163	308,316
M109	M	YB10	2014	341,423	191,191	163,163	294,333	198,198	301,301	273,331	172,163	304,308
M138	M	YB10	2014	345,389	191,216	163,168	294,304	198,198	296,301	273,324	167,163	304,308
M171	M	YB10	2014	381,381	197,223	163,163	294,336	198,198	296,301	273,307	152,163	330,338
META22M	M	YB10	2014	341,341	191,191	168,168	294,319	198,198	296,301	273,341	152,163	308,320
M093	M	YB10 	2014	351,393	191,191	163,163	294,336	198,198	296,301	273,318	154,154	291,324
M176	M	YB10 	2014	423,432	191,212	189,189	294,333	198,198	303,301	273,303	152,154	304,333
M004	M	YB1a	2014	344,398	191,229	163,163	294,335	198,198	301,301	273,300	159,152	311,330
M014	M	YB1a	2014	360,398	184,229	163,163	294,336	198,198	296,301	273,296	159,161	324,330
M025	M	YB1a	2014	423,398	229,229	163,168	294,333	198,198	298,301	273,324	159,160	324,330
M026	M	YB1a	2014	345,398	191,229	163,168	294,304	198,198	296,301	273,324	159,152	308,330
M051	M	YB1a	2014	378,398	191,229	163,168	294,315	198,198	298,301	273,285	159,152	320,330
M070	M	YB1a	2014	389,398	216,229	163,189	294,326	198,211	296,301	273,324	159,167	275,330
M073	M	YB1a	2014	364,393	229,229	163,163	294,335	198,198	301,301	273,300	159,161	320,330
M099	M	YB1a	2014	356,398	191,229	163,189	294,336	198,198	296,301	273,292	159,154	324,330
M101	M	YB1a	2014	395,398	207,229	163,168	294,307	198,211	304,301	273,296	159,154	342,330
M104	M	YB1a	2014	329,398	229,229	163,163	294,304	198,198	296,301	273,324	159,152	311,330
M105	M	YB1a	2014	423,398	204,229	163,168	294,333	198,198	298,301	273,318	159,160	304,330
M107	M	YB1a	2014	385,398	197,229	163,163	294,304	198,198	301,301	273,293	159,153	333,330
M108	M	YB1a	2014	389,398	191,229	163,163	294,333	198,198	298,301	273,318	159,152	304,330
M117	M	YB1a	2014	329,393	229,229	163,183	294,336	198,198	296,301	273,307	159,160	308,330
M118	M	YB1a	2014	360,398	191,229	163,189	294,319	198,198	296,301	273,341	159,167	342,330
M121	M	YB1a	2014	378,398	191,229	163,163	294,326	198,211	296,301	273,341	159,167	333,330
M122	M	YB1a	2014	385,393	197,229	163,189	294,336	198,198	296,301	273,296	159,152	320,330
M124	M	YB1a	2014	419,398	191,229	163,163	294,315	198,198	298,301	273,304	159,158	333,330
M125	M	YB1a	2014	349,398	191,229	163,163	294,333	198,198	303,301	273,306	159,154	286,330
M129	M	YB1a	2014	344,398	191,229	163,189	294,336	198,198	296,301	273,304	159,167	308,311
M133	M	YB1a	2014	364,398	191,229	163,163	294,336	198,198	296,301	273,307	159,152	304,330
M139	M	YB1a	2014	395,398	204,229	163,163	294,326	198,211	296,301	273,341	159,163	282,330
M141	M	YB1a	2014	385,398	197,229	163,189	294,319	198,198	296,301	273,341	159,160	308,330
M161	M	YB1a	2014	399,398	191,229	163,189	294,333	198,198	298,301	273,324	159,154	342,330
M165	M	YB1a	2014	364,398	229,229	163,163	294,307	198,198	296,301	273,343	159,152	304,330
M168	M	YB1a	2014	354,398	207,229	163,168	294,307	198,211	304,301	273,343	159,154	311,330
M169	M	YB1a	2014	355,398	207,229	163,189	294,336	198,198	296,301	273,284	159,152	342,330
M173	M	YB1a	2014	381,398	238,229	163,168	294,307	198,211	304,301	273,296	159,160	282,330
M186	M	YB1a	2014	385,398	197,229	163,163	294,326	198,211	296,301	273,341	159,152	304,330
M194	M	YB1a	2014	393,393	204,229	163,168	294,333	198,198	296,301	273,293	159,159	308,330
M197	M	YB1a	2014	349,398	184,229	163,168	294,336	198,198	296,301	273,321	159,152	311,333
M200	M	YB1a	2014	345,393	191,229	163,168	294,304	198,198	296,301	273,324	159,167	320,330
META01M	M	YB1a	2014	385,398	197,229	163,163	294,304	198,198	296,301	273,304	159,167	308,330
META05M	M	YB1a	2014	366,398	191,229	163,168	294,307	198,198	296,301	273,343	159,180	324,333
META06M	M	YB1a	2014	397,398	209,229	163,168	294,319	198,198	296,301	273,341	159,159	320,330
META09M	M	YB1a	2014	423,398	197,229	163,163	294,326	198,211	296,301	273,341	159,161	300,324
META18.1M	M	YB1a	2014	381,398	191,229	163,168	294,315	198,198	298,301	273,285	159,154	320,329
META24M	M	YB1a	2014	381,398	223,229	163,168	294,336	198,198	296,301	273,284	160,163	333,338
META31M	M	YB1a	2014	397,398	210,229	163,168	294,333	198,198	303,301	273,306	159,159	320,329
META33M	M	YB1a	2014	364,398	197,229	163,168	294,336	198,198	296,301	273,300	159,152	320,330
META34M	M	YB1a	2014	378,398	242,229	163,163	294,336	198,198	298,301	273,284	159,153	320,329
M092	M	YB1a 	2014	411,398	191,229	168,189	304,319	198,198	296,296	324,341	159,159	308,330
M009	M	YB20	2014	355,385	197,197	168,189	294,319	198,198	296,301	279,341	152,160	308,320
M024	M	YB20	2014	385,419	197,197	168,189	294,336	198,198	296,301	279,307	152,154	311,333
M037triplo	M	YB20	2014	329,354	191,191	163,168	294,315/336	198,198	296/298,301	279,304/307	152,154	311,320
M055	M	YB20	2014	349,354	191,210	163,189	294,333	198,198	303,301	279,300	152,159	316,330
M079	M	YB20	2014	363,368	191,207	168,168	294,319	198,198	296,301	279,341	152,154	320,320
M086	M	YB20	2014	345,419	191,191	163,168	294,336	198,198	296,301	279,290	152,159	320,333
M149	M	YB20	2014	349,419	184,197	168,189	294,326	198,211	296,301	279,341	154,154	333,333
M166	M	YB20	2014	368,385	191,207	163,168	294,326	198,211	296,301	279,341	152,178	275,308
META07M	M	YB20	2014	376,427	191,207	168,189	294,336	198,198	296,301	279,291	152,172	294,311
META32M	M	YB20	2014	385,410	191,191	168,168	294,333	198,198	298,301	279,321	154,154	304,320
M002	M	YB2a 	2014	356,348	184,191	168,189	294,326	198,211	296,301	279,341	167,178	271,320
M034	M	YB2a 	2014	356,436	184,191	168,189	294,326	198,211	296,301	279,341	152,178	271,311
M164	M	YB2a 	2014	356,368	184,197	168,189	294,326	198,211	296,301	279,341	170,178	271,263
M201	M	YB2a 	2014	356,385	184,197	189,189	294,304	198,198	296,301	279,291	160,178	271,308
META02M	M	YB2a 	2014	356,360	184,191	168,189	294,304	198,198	296,301	279,324	159,178	275,311
META19M	M	YB2a 	2014	356,354	184,207	163,189	294,326	198,211	296,301	279,335	161,178	271,320
META25M	M	YB2a 	2014	356,341	184,207	168,189	294,326	198,211	296,301	279,341	154,178	271,275
M015	M	YB2b 	2014	376,411	191,191	163,189	294,316	198,198	298,301	279,318	157,154	308,304
M018	M	YB2b 	2014	376,364	191,191	189,189	294,304	198,198	296,301	279,324	153,154	308,338
M032	M	YB2b 	2014	368,395	191,207	163,168	294,333	198,198	303,301	279,300	152,154	308,320
M033	M	YB2b 	2014	355,372	191,191	168,168	294,336	198,198	303,301	279,303	152,154	308,320
M071	M	YB2b 	2014	376,389	191,210	189,189	294,333	198,198	298,301	279,318	154,154	308,320
M077	M	YB2b 	2014	376,360	191,204	163,189	294,304	198,198	296,301	279,321	152,154	308,316
M082	M	YB2b 	2014	376,411	191,207	189,189	294,304	198,198	296,301	279,321	154,154	308,294
M090	M	YB2b 	2014	355,364	191,245	163,168	294,336	198,198	296,301	279,307	152,182	308,308
M098	M	YB2b 	2014	359,368	191,207	163,168	294,336	198,198	300,301	279,302	152,154	308,330
M131	M	YB2b 	2014	376,423	191,229	168,189	294,307	198,198	296,301	279,343	159,154	308,304
M132	M	YB2b 	2014	376,364	191,191	189,189	294,336	198,198	296,301	279,304	152,154	308,338
M137	M	YB2b 	2014	376,364	191,191	189,189	294,326	198,211	296,301	279,341	154,154	308,342
META23M	M	YB2b 	2014	376,376	191,191	168,189	294,307	198,211	304,301	279,296	165,154	308,308
M005	M	YB30	2014	349,381	191,191	168,189	293,336	198,198	296,301	281,312	152,170	311,316
M063	M	YB30	2014	349,381	191,191	168,189	293,336	198,198	296,301	281,312	152,170	311,316
M083	M	YB30	2014	378,389	191,216	189,189	293,307	198,198	296,301	281,343	152,160	308,316
M095	M	YB30	2014	345,349	191,191	168,189	293,336	198,198	296,301	281,334	152,152	320,338
M134	M	YB30	2014	356,381	191,207	163,189	293,333	198,198	298,301	281,321	152,160	316,338
M145	M	YB30	2014	364,381	191,191	163,189	293,336	198,198	296,301	281,341	152,159	311,333
M172	M	YB30	2014	345,382	191,230	168,189	293,304	198,198	296,302	281,321	152,154	316,342
M175	M	YB30	2014	344,354	191,204	168,189	293,326	198,211	296,302	281,341	152,152	304,324
META04M	M	YB30	2014	381,399	191,210	189,189	293,326	198,211	296,301	281,341	152,154	311,333
META16M	M	YB30	2014	378,378	191,197	163,189	293,304	198,198	296,301	281,297	154,160	311,333
META21M	M	YB30	2014	379,385	191,191	163,168	293,315	198,198	298,301	281,285	154,160	316,316
M068	M	YB40	2014	356,356	197,197	168,168	294,335	198,198	301,300	285,300	152,152	311,316
M078	M	YB40	2014	337,349	197,204	163,168	294,326	198,211	296,300	285,341	152,152	316,338
M054	M	YB50	2014	364,372	191,191	163,168	293,333	198,198	303,301	293,306	160,176	300,308
M088	M	YB50	2014	364,372	191,245	163,168	293,326	198,211	296,301	293,341	152,176	308,320
M128	M	YB50	2014	349,372	191,191	163,168	293,336	198,198	296,301	293,303	152,152	308,320
M190	M	YB50	2014	401,401	191,197	163,168	293,304	198,198	296,301	291,324	152,152	308,316
M195	M	YB50	2014	349,372	191,191	168,189	293,326	198,211	296,301	293,341	154,154	300,308
META08M	M	YB50	2014	329,329	191,229	168,183	293,304	198,198	296,301	293,324	160,176	320,320
Rtemp_Me005	M	XX	2015	364,423	191,197	168,189	304,336	198,198	296,296	291,296	152,154	311,316
Rtemp_Me010	M	XX	2015	415,427	191,207	168,189	304,336	198,198	296,299	296,318	152,162	294,308
Rtemp_Me011	M	XX	2015	345,374	191,204	163,168	304,336	198,198	296,296	290,324	154,167	316,316
Rtemp_Me013	M	XX	2015	364,385	197,197	189,189	301,333	198,198	296,298	318,324	160,163	308,324
Rtemp_Me017	M	XX	2015	337,385	197,207	168,189	319,336	198,198	296,296	304,341	154,154	282,338
Rtemp_Me018	M	XX	2015	359,374	191,191	163,189	326,326	211,211	296,296	341,341	154,182	311,311
Rtemp_Me020	M	XX	2015	378,397	197,204	163,189	304,315	198,198	296,298	304,304	152,167	304,316
Rtemp_Me039	M	XX	2015	350,423	191,229	168,168	333,336	198,198	296,298	324,341	152,160	315,324
Rtemp_Me044	M	XX	2015	399,406	191,191	168,168	333,333	198,198	298,298	324,324	155,155	340,340
Rtemp_Me053	M	XX	2015	340,365	191,191	168,168	326,336	198,211	296,296	304,341	158,158	275,307
Rtemp_Me054	M	XX	2015	353,353	206,206	163,168	301,304	198,198	296,296	296,318	155,163	320,320
Rtemp_Me057	M	XX	2015	423,423	204,227	163,189	336,336	198,198	296,296	304,318	152,159	298,324
Rtemp_Me062	M	XX	2015	350,401	191,240	168,168	326,333	198,211	296,303	306,341	152,160	275,320
Rtemp_Me067	M	XX	2015	340,423	191,191	163,163	326,333	198,211	296,303	300,341	152,162	315,320
Rtemp_Me070	M	XX	2015	350,382	197,197	168,168	307,336	198,211	296,304	296,304	159,163	307,315
Rtemp_Me072	M	XX	2015	329,329	183,210	163,163	336,336	198,198	296,296	318,318	157,159	320,324
Rtemp_Me075	M	XX	2015	345,345	191,212	168,189	304,336	198,198	296,296	291,324	155,155	311,328
Rtemp_Me076	M	XX	2015	340,350	183,191	163,168	326,336	198,211	296,296	296,341	155,172	302,315
Rtemp_Me083	M	XX	2015	384,423	191,206	168,168	336,336	198,198	296,296	304,307	152,155	307,315
Rtemp_Me084	M	XX	2015	376,419	191,191	189,189	316,326	198,211	296,298	318,341	159,163	315,332
Rtemp_Me092	M	XX	2015	365,406	191,206	163,163	326,336	198,211	296,296	307,341	161,172	294,302
Rtemp_Me094	M	XX	2015	352,378	191,191	163,168	304,315	198,198	296,298	285,324	155,159	275,307
Rtemp_Me095	M	XX	2015	406,406	210,210	163,168	304,336	198,198	296,296	304,324	152,165	311,332
Rtemp_Me100	M	XX	2015	385,385	215,227	163,168	333,336	198,198	296,300	302,318	152,152	262,324
Rtemp_Me109	M	XX	2015	428,428	191,191	168,189	304,326	198,211	296,296	324,324	152,163	271,311
Rtemp_Me114	M	XX	2015	370,419	191,197	168,189	315,336	198,198	296,296	296,296	155,159	271,320
Rtemp_Me115	M	XX	2015	345,365	191,191	163,168	304,333	198,198	296,298	321,324	152,152	302,320
Rtemp_Me120	M	XX	2015	345,395	197,204	163,189	319,326	198,211	296,296	341,341	155,163	315,320
Rtemp_Me122	M	XX	2015	350,350	191,230	189,189	304,336	198,198	296,296	291,304	152,163	291,311
Rtemp_Me123	M	XX	2015	352,393	191,210	168,168	304,304	198,198	296,296	304,307	161,161	307,311
Rtemp_Me125	M	XX	2015	350,350	191,204	168,168	304,336	198,198	296,302	291,318	152,165	302,320
Rtemp_Me126	M	XX	2015	329,353	210,231	163,168	326,336	198,211	296,296	284,341	152,155	275,320
Rtemp_Me129	M	XX	2015	365,395	197,210	163,189	304,307	198,211	296,304	296,324	155,160	324,332
Rtemp_Me134	M	XX	2015	365,419	197,210	163,163	315,336	198,198	296,298	285,321	152,152	311,332
Rtemp_Me138	M	XX	2015	378,385	191,197	163,189	304,336	198,198	296,296	291,341	158,167	307,332
Rtemp_Me141	M	XX	2015	382,385	197,197	163,189	304,326	198,211	296,296	291,341	152,182	307,311
Rtemp_Me143	M	XX	2015	357,409	206,206	168,189	304,307	198,198	296,296	287,291	155,161	311,320
Rtemp_Me156	M	XX	2015	348,385	198,229	163,189	326,336	198,211	296,296	307,341	155,155	307,311
Rtemp_Me158	M	XX	2015	378,395	204,210	168,189	319,326	198,211	296,296	341,341	152,160	302,307
Rtemp_Me162	M	XX	2015	406,423	191,204	163,163	326,333	198,211	296,303	303,341	161,167	302,320
Rtemp_Me163	M	XX	2015	345,378	191,210	163,168	333,333	198,198	298,303	306,321	159,160	315,321
Rtemp_Me165	M	XX	2015	342,384	191,206	168,189	304,333	198,198	296,296	304,324	152,164	312?,321
Rtemp_Me170	M	XX	2015	350,378	212,215	168,189	304,304	198,211	296,296	291,341	152,159	283?,307
Rtemp_Me171	M	XX	2015	385,385	197,197	189,189	304,336	198,198	296,296	291,307	163,175	271,320
Rtemp_Me172	M	XX	2015	365,365	191,191	168,168	326,333	198,211	296,298	324,341	152,155	302,315
Rtemp_Me174	M	XX	2015	378,378	183,210	168,189	319,333	198,198	296,303	306,341	155,167	320,340
Rtemp_Me187	M	XX	2015	340,374	191,210	163,189	336,336	198,198	296,296	304,304	152,155	307,328
Rtemp_Me189	M	XX	2015	350,353	204,206	163,163	326,326	211,211	296,296	335,341	165,182	320,328
Rtemp_Me193	M	XX	2015	352,382	206,231	189,189	326,336	198,211	296,296	296,341	152,152	287,307
Rtemp_Me196	M	XX	2015	365,365	204,229	168,183	304,326	198,211	296,296	321,341	155,158	275,328
Rtemp_Me197	M	XX	2015	365,385	191,191	163,163	301,336	198,198	296,296	291,318	152,163	279?,315
Rtemp_Me200B	M	XX	2015	342,360	204,215	168,168	333,336	198,198	296,298	296,318	152,167	307,332
Rtemp_Me202	M	XX	2015	382,419	191,191	163,168	315,336	198,198	298,300	302,304	155,163	315,332
Rtemp_Me213	M	XX	2015	365,365	191,197	163,163	333,336	198,198	296,298	318,318	155,167	307,337
Rtemp_Me216	M	XX	2015	365,409	191,197	189,189	304,336	198,198	296,296	291,307	152,153	315,320
Rtemp_Me217	M	XX	2015	415,415	191,212	168,189	319,336	198,198	296,296	296,341	155,159	275,320
Rtemp_Me221	M	XX	2015	365,365	191,204	163,189	304,326	198,211	296,296	291,341	152,182	302,328
Rtemp_Me224	M	XX	2015	395,423	191,191	163,189	319,326	198,211	296,296	341,341	152,155	302,311
Rtemp_Me228	M	XX	2015	360,360	183,229	163,189	333,336	198,198	296,303	296,306	163,172	311,315
Rtemp_Me232	M	XX	2015	350,382	197,197	168,168	307,336	198,211	296,304	296,304	159,163	307,315
Rtemp_Me234	M	XX	2015	393,395	183,183	168,168	307,315	198,211	298,304	285,296	152,155	332,332
Rtemp_Me236	M	XX	2015	365,365	183,206	168,189	326,336	198,211	296,296	304,341	155,159	275,294
Rtemp_Me237	M	XX	2015	352,365	191,210	163,163	333,336	198,198	296,298	296,318	152,176	320,337
Rtemp_Me238	M	XX	2015	365,385	206,206	163,163	304,333	198,198	296,298	284,318	152,155	320,320
Rtemp_Me240	M	XX	2015	357,365	191,191	163,189	326,336	198,211	296,296	307,341	152,178	320,324
Rtemp_Me243	M	XX	2015	340,345	206,206	163,168	326,333	198,211	296,303	297,341	155,167	332,332
Rtemp_Me248	M	XX	2015	366,378	191,191	168,189	315,315	198,198	298,298	285,285	155,182	320,320
Rtemp_Me249	M	XX	2015	382,399	191,191	163,168	326,326	211,211	296,296	341,341	152,178	320,320
Rtemp_Me254	M	XX	2015	350,366	191,191	168,189	304,307	198,198	296,296	304,324	152,176	315,328
Rtemp_Me257	M	XX	2015	356,385	183,191	163,168	336,336	198,211	296,296	296,341	152,165	311,340
Rtemp_Me259	M	XX	2015	385,393	183,191	163,168	304,315	198,198	296,298	285,321	152,152	294,328
Rtemp_Me265	M	XX	2015	346,436	191,191	168,189	316,326	198,211	296,298	318,341	152,160	307,315
Rtemp_Me266	M	XX	2015	423,423	183,191	189,189	335,336	198,198	296,301	300,318	152,152	307,307
Rtemp_Me267	M	XX	2015	356,378	191,229	163,177	333,336	198,198	296,296	293,331	152,155	302,315
Rtemp_Me275A	M	XX	2015	346,409	204,206	163,168	326,336	198,211	296,302	303,335	155,157	315,332
Rtemp_Me275B	M	XX	2015	366,376	191,215	163,168	336,336	198,198	296,299	302,304	152,163	320,337
Rtemp_Me276	M	XX	2015	382,382	229,229	163,168	301,333	198,211	296,296	312,331	152,153	302,337
Rtemp_Me278	M	XX	2015	352,395	191,191	168,168	307,336	198,211	296,304	296,304	152,153	315,315
Rtemp_Me281	M	XX	2015	350,350	191,229	168,177	315,333	198,198	298,298	285,324	152,161	307,337
Rtemp_Me288	M	XX	2015	382,382	229,231	163,189	333,336	198,198	296,296	307,331	152,153	275,302
Rtemp_Me289	M	XX	2015	385,423	191,229	163,168	307,326	198,211	296,296	341,343	160,182	332,332
Rtemp_Me290	M	XX	2015	385,406	191,191	168,189	326,333	198,211	296,298	324,341	152,161	302,340
Rtemp_Me297	M	XX	2015	357,385	191,206	163,163	336,336	198,198	296,296	296,341	155,167	307,332
Rtemp_Me299	M	XX	2015	365,395	210,210	163,189	307,336	198,211	296,303	296,321	152,172	311,337
Rtemp_Me305	M	XX	2015	399,399	183,183	163,168	336,336	198,198	296,296	296,321	163,167	283?,332
Rtemp_Me306	M	XX	2015	378,385	191,191	168,168	333,336	198,198	296,296	318,321	152,176	302,332
Rtemp_Me317	M	XX	2015	350,352	191,191	163,168	304,336	198,198	296,296	291,324	159,159	275,337
Rtemp_Me319	M	XX	2015	324,345	191,214	163,189	333,333	198,198	298,298	318,321	160,167	315,337
Rtemp_Me327	M	XX	2015	350,353	191,191	163,168	307,336	198,198	296,296	304,343	153,160	315,315
Rtemp_Me330	M	XX	2015	395,395	204,210	163,168	304,326	198,211	296,296	324,341	152,163	315,332
Rtemp_Me337	M	XX	2015	345,393	191,204	163,163	316,333	198,198	296,298	293,318	152,163	307,307
Rtemp_Me341	M	XX	2015	365,385	191,191	163,168	333,336	198,198	298,298	321,324	155,167	332,340
Rtemp_Me346	M	XX	2015	353,419	191,191	163,189	333,336	198,198	296,298	291,318	155,162	302,315
Rtemp_Me347	M	XX	2015	348,385	191,214	163,189	335,336	198,198	296,301	300,304	152,152	307,307
Rtemp_Me348	M	XX	2015	376,385	197,229	163,177	326,336	198,211	296,296	293,341	158,161	275,320
Rtemp_Me350	M	XX	2015	352,352	210,229	163,177	326,336	198,211	296,296	296,341	152,159	294,315
Rtemp_Me352	M	XX	2015	385,415	197,197	189,189	319,333	198,198	296,298	284,341	152,160	307,307
Rtemp_Me355	M	XX	2015	365,366	191,191	163,168	301,333	198,198	296,303	303,318	155,161	324,337
Rtemp_Me357	M	XX	2015	423,423	183,191	163,163	304,336	198,198	296,296	296,296	152,167	307,320
Rtemp_Me361	M	XX	2015	385,385	197,197	163,189	319,335	198,198	296,301	300,341	152,152	307,328
Rtemp_Me363	M	XX	2015	350,350	191,210	168,189	333,336	198,198	300,303	302,306	167,167	302,302
Rtemp_Me366B	M	XX	2015	360,365	183,204	163,168	336,336	198,198	296,302	296,318	155,163	307,324
Rtemp_Me372	M	XX	2015	333,365	191,197	189,189	301,336	198,198	296,296	318,318	163,167	307,315
Rtemp_Me374	M	XX	2015	378,423	191,204	163,189	304,315	198,198	298,298	293,304	152,163	315,315
Rtemp_Me376	M	XX	2015	324,346	191,214	163,189	307,333	198,211	298,304	296,318	160,167	332,337
Rtemp_Me384	M	XX	2015	350,357	191,191	163,168	333,336	198,198	298,298	291,318	152,159	307,328
Rtemp_Me387	M	XX	2015	337,366	191,206	168,168	307,336	198,198	296,296	304,343	152,182	320,332
Rtemp_Me388	M	XX	2015	385,385	197,227	163,163	304,336	198,198	296,296	307,324	153,182	324,340
Rtemp_Me390	M	XX	2015	357,398	191,197	163,189	304,319	198,198	296,296	304,341	155,155	307,324
Rtemp_Me395	M	XX	2015	365,385	197,197	163,163	301,336	198,198	296,296	307,318	152,155	291,332
Rtemp_Me396	M	XX	2015	368,376	204,204	168,189	326,336	198,211	296,296	296,341	145,155	294,315
Rtemp_Me398	M	XX	2015	365,423	191,206	168,189	333,333	198,198	296,298	304,324	159,165	311,337
Rtemp_Me401	M	XX	2015	378,393	191,204	163,163	333,333	198,198	296,296	293,297	155,155	320,337
Rtemp_Me405	M	XX	2015	350,365	206,210	168,189	304,336	198,198	296,296	291,304	161,167	315,332
Rtemp_Me407	M	XX	2015	345,395	206,210	168,168	326,336	198,211	296,296	307,343	152,160	307,320
Rtemp_Me409	M	XX	2015	343,365	191,197	163,189	326,333	198,211	296,303	300,341	159,163	320,337
Rtemp_Me411	M	XX	2015	357,365	206,206	163,168	336,336	198,198	296,296	304,341	155,155	294,315
Rtemp_Me412	M	XX	2015	382,398	191,191	163,189	307,333	198,198	296,298	304,318	152,163	307,307
Rtemp_Me414	M	XX	2015	340,399	191,191	168,189	326,333	198,211	296,296	297,341	152,155	298,315
Rtemp_Me417	M	XX	2015	357,357	191,229	163,168	333,336	198,198	296,298	296,321	172,172	307,337
Rtemp_Me422	M	XX	2015	357,378	191,191	163,168	315,333	198,198	298,298	285,318	152,155	307,328
wm08	M	XX	2015	365,378	191,229	163,163	326,333	198,211	296,296	297,341	159,176	307,315
wm10	M	XX	2015	353,353	206,206	163,168	301,304	198,198	296,296	296,318	155,163	320,320
wm16	M	XX	2015	346,365	191,191	168,168	333,336	198,198	296,298	321,324	155,155	282,315
wm18	M	XX	2015	357,385	227,227	163,189	335,336	198,198	296,301	291,300	182,182	307,307
wm27	M	XX	2015	346,350	191,191	168,168	304,326	198,211	296,296	324,341	152,152	320,337
wm29	M	XX	2015	365,390	197,199	163,163	304,336	198,198	296,296	304,324	153,155	332,338?
wm37	M	XX	2015	385,385	197,197	163,168	326,326	211,211	296,296	341,341	155,160	315,332
wm38	M	XX	2015	356,356	210,229	163,189	304,326	198,211	296,296	296,341	155,159	307,320
wm39	M	XX	2015	380,419	197,197	163,163	315,336	198,198	296,298	285,321	152,152	332,340
wm45	M	XX	2015	385,395	204,229	163,168	304,326	198,211	296,296	291,291	155,163	315,337
wm46	M	XX	2015	350,351	215,215	163,168	315,336	198,198	296,298	285,296	152,159	307,337
wm47	M	XX	2015	340,385	197,197	168,189	301,304	198,198	296,296	318,324	152,167	282,332
Rtemp_Me218	M	YA1a	2015	333,406	191,207	189,163	304,304	191,198	296,297	255,297	163,163	315,324
Rtemp_Me270	M	YA1a	2015	333,365	207,207	189,163	304,301	191,198	296,297	255,318	163,167	315,324
Rtemp_Me296	M	YA1a	2015	333,419	207,207	189,189	304,336	191,198	296,297	255,296	152,152	275,324
Rtemp_Me313	M	YA1a	2015	333,365	197,207	189,189	304,301	191,198	296,297	255,318	163,187	332,324
Rtemp_Me028	M	YB10	2015	345,397	191,197	163,163	294,304	198,198	296,301	273,290	152,160	304,308
Rtemp_Me090	M	YB10	2015	350,353	191,191	163,163	294,326	198,211	296,300	273,341	152,152	315,332
Rtemp_Me128	M	YB10	2015	348,385	215,229	163,163	294,319	198,198	296,301	273,341	160,163	302,307
Rtemp_Me136	M	YB10	2015	382,409	197,223	163,163	294,333	198,198	303,301	273,306	159,159	275,311
Rtemp_Me142	M	YB10	2015	382,401	191,191	168,168	294,336	198,198	296,301	273,321	152,155	302,320
Rtemp_Me161	M	YB10	2015	372,372	191,191	163,163	294,336	198,198	296,301	273,296	182,159	288,321
Rtemp_Me182	M	YB10	2015	385,423	191,215	163,163	294,333	198,198	301,301	273,331	152,163	302,315
Rtemp_Me210	M	YB10	2015	385,385	197,215	163,163	294,336	198,198	296,301	273,304	153,163	302,307
Rtemp_Me247	M	YB10	2015	365,401	191,191	168,168	294,326	198,211	296,301	273,341	155,158	302,320
Rtemp_Me269	M	YB10	2015	401,409	191,191	163,163	294,326	198,211	296,301	273,341	155,159	302,311
Rtemp_Me272	M	YB10	2015	342,365	191,191	189,189	294,304	198,198	296,301	273,324	167,163	307,337
Rtemp_Me283	M	YB10	2015	393,393	229,229	163,168	294,326	198,211	296,301	273,341	159,167	311,340
Rtemp_Me292	M	YB10	2015	423,432	191,191	163,163	294,304	198,198	296,301	273,293	155,161	311,332
Rtemp_Me338	M	YB10	2015	385,385	197,197	163,189	294,304	198,198	296,301	273,291	155,163	302,302
Rtemp_Me343	M	YB10	2015	342,378	191,191	189,189	294,315	198,198	298,301	273,285	152,163	307,320
Rtemp_Me359	M	YB10	2015	356,428	229,229	168,168	294,336	198,198	296,301	273,284	155,163	315,315
Rtemp_Me379	M	YB10	2015	342,353	191,191	168,168	294,307	198,198	296,301	273,343	160,163	298,307
Rtemp_Me386	M	YB10	2015	382,409	191,223	163,163	294,326	198,211	296,301	273,341	163,159	294,311
wm26	M	YB10	2015	342,350	191,210	163,163	294,333	198,198	296,301	273,304	163,159	288,307
wm30	M	YB10	2015	385,423	215,215	163,168	294,304	198,198	296,301	273,324	152,163	320,332
wm40	M	YB10	2015	382,382	197,223	163,163	294,336	198,198	296,301	273,307	152,163	307,337
Rtemp_Me008	M	YB1a	2015	345,393	191,229	163,168	294,304	198,198	296,301	273,324	159,159	316,330
Rtemp_Me012	M	YB1a	2015	378,397	191,229	163,168	294,326	198,211	296,301	273,341	159,152	308,330
Rtemp_Me019	M	YB1a	2015	355,397	191,229	163,177	294,336	198,198	296,301	273,293	159,178	338,330
Rtemp_Me024	M	YB1a	2015	355,397	207,229	163,189	294,336	198,198	296,301	273,284	159,152	342,330
Rtemp_Me029	M	YB1a	2015	354,398	191,229	163,189	294,304	198,198	296,301	273,324	159,159	320,330
Rtemp_Me040	M	YB1a	2015	398,398	191,229	163,189	294,319	198,198	296,301	273,341	159,167	340,330
Rtemp_Me042	M	YB1a	2015	406,398	191,229	163,163	294,336	198,198	296,301	273,304	159,146	315,330
Rtemp_Me046	M	YB1a	2015	371,398	191,229	163,163	294,315	198,198	298,301	273,285	159,162	315,330
Rtemp_Me047	M	YB1a	2015	398,398	191,229	163,168	294,307	198,211	304,301	273,296	159,155	332,330
Rtemp_Me052	M	YB1a	2015	406,398	191,229	163,168	294,336	198,198	296,301	273,293	159,152	307,330
Rtemp_Me056	M	YB1a	2015	357,398	197,229	163,177	294,326	198,211	296,301	273,341	159,165	287,330
Rtemp_Me064	M	YB1a	2015	382,393	191,229	163,189	294,304	198,198	296,301	273,296	159,155	320,330
Rtemp_Me078	M	YB1a	2015	382,398	231,229	163,189	294,336	198,198	296,301	273,307	159,152	337,330
Rtemp_Me081	M	YB1a	2015	385,398	191,229	163,163	294,336	198,198	296,301	273,291	159,153	337,330
Rtemp_Me085	M	YB1a	2015	423,398	191,229	163,163	294,336	198,198	296,301	273,307	159,167	307,330
Rtemp_Me086	M	YB1a	2015	376,398	210,229	163,168	294,336	198,198	296,301	273,321	159,152	324,330
Rtemp_Me089	M	YB1a	2015	385,398	191,229	163,163	294,336	198,198	296,301	273,293	159,160	320,330
Rtemp_Me091	M	YB1a	2015	385,398	197,229	163,189	294,326	198,211	296,301	273,341	159,152	311,332
Rtemp_Me096	M	YB1a	2015	372,398	242,229	163,163	294,336	198,198	296,301	273,307	159,161	302,330
Rtemp_Me097	M	YB1a	2015	423,398	191,223	163,163	294,326	198,211	296,301	273,341	159,162	315,330
Rtemp_Me099	M	YB1a	2015	423,398	191,229	163,189	294,333	198,198	303,301	273,306	159,152	311,330
Rtemp_Me103	M	YB1a	2015	423,393	210,229	163,163	294,326	198,211	296,301	273,341	159,155	315,330
Rtemp_Me104	M	YB1a	2015	409,398	191,229	163,168	294,336	198,198	296,301	273,304	159,163	307,315
Rtemp_Me105	M	YB1a	2015	401,398	191,229	163,163	294,304	198,198	296,301	273,324	159,152	307,330
Rtemp_Me110	M	YB1a	2015	357,423	191,229	163,168	294,319	198,198	296,301	273,341	160,152	332,330
Rtemp_Me112	M	YB1a	2015	419,398	191,229	163,168	294,336	198,198	296,301	273,296	159,152	337,330
Rtemp_Me116	M	YB1a	2015	398,398	191,229	163,168	294,307	198,211	304,301	273,296	159,155	332,330
Rtemp_Me117	M	YB1a	2015	395,398	191,229	163,163	294,326	198,211	296,301	273,335	159,163	275,330
Rtemp_Me119	M	YB1a	2015	356,398	191,229	163,163	294,336	198,198	296,301	273,291	159,155	337,330
Rtemp_Me127	M	YB1a	2015	357,398	229,229	163,168	294,333	198,198	303,301	273,297	159,178	315,332
Rtemp_Me131	M	YB1a	2015	342,406	191,229	163,163	294,326	198,211	296,301	273,341	159,163	307,315
Rtemp_Me132	M	YB1a	2015	398,398	229,229	163,163	294,326	198,211	296,301	273,341	159,152	307,330
Rtemp_Me137	M	YB1a	2015	419,398	191,229	163,163	294,315	198,198	298,301	273,304	159,155	332,330
Rtemp_Me139	M	YB1a	2015	398,398	204,229	163,163	294,336	198,198	296,301	273,291	159,182	324,330
Rtemp_Me146	M	YB1a	2015	385,398	197,229	163,163	294,336	198,198	296,301	273,304	159,153	262,330
Rtemp_Me160	M	YB1a	2015	385,398	191,229	163,168	294,326	198,211	296,301	273,341	159,152	321,330
Rtemp_Me168	M	YB1a	2015	371,398	183,229	163,163	294,315	198,198	298,301	273,285	159,155	315,330
Rtemp_Me169	M	YB1a	2015	398,398	204,229	163,163	294,333	198,198	296,301	273,304	159,159	298,330
Rtemp_Me173	M	YB1a	2015	385,393	197,229	163,189	294,319	198,198	296,301	273,341	159,152	298,330
Rtemp_Me181	M	YB1a	2015	350,393	210,229	163,163	294,336	198,198	296,301	273,296	159,178	311,330
Rtemp_Me183	M	YB1a	2015	423,398	197,229	163,163	294,326	198,211	296,301	273,341	159,161	298,324
Rtemp_Me184	M	YB1a	2015	406,398	210,229	163,168	294,336	198,198	302,301	273,318	159,158	340,330
Rtemp_Me185	M	YB1a	2015	398,398	191,229	163,189	294,333	198,198	303,301	273,306	159,159	298,330
Rtemp_Me190	M	YB1a	2015	393,393	204,229	163,163	294,336	198,198	296,301	273,304	159,155	298,330
Rtemp_Me198	M	YB1a	2015	398,398	183,229	163,163	294,336	198,198	296,301	273,296	159,152	320,330
Rtemp_Me200A	M	YB1a	2015	345,398	229,229	163,163	294,304	198,198	296,301	273,303	159,161	332,330
Rtemp_Me201	M	YB1a	2015	395,398	210,229	163,163	294,326	198,211	296,301	273,341	159,152	320,330
Rtemp_Me207	M	YB1a	2015	348,398	229,229	163,168	294,336	198,198	302,301	273,318	159,161	307,330
Rtemp_Me209	M	YB1a	2015	365,393	197,197	163,163	294,335	198,198	301,301	273,300	159,161	320,330
Rtemp_Me215	M	YB1a	2015	423,398	204,229	163,163	294,307	198,198	296,301	273,343	159,159	315,330
Rtemp_Me220	M	YB1a	2015	382,398	191,229	163,189	294,293	198,198	301,301	273,281	159,160	311,330
Rtemp_Me226	M	YB1a	2015	398,398	183,229	163,168	294,304	198,198	296,301	273,321	159,161	315,330
Rtemp_Me231	M	YB1a	2015	372,398	191,229	163,168	294,304	198,198	296,301	273,324	159,159	302,330
Rtemp_Me233	M	YB1a	2015	372,398	191,229	163,189	294,336	198,198	296,301	273,296	159,159	320,330
Rtemp_Me239	M	YB1a	2015	393,393	183,229	163,168	294,336	198,198	296,301	273,307	159,152	315,315
Rtemp_Me241	M	YB1a	2015	378,398	212,229	163,163	294,304	198,198	296,301	273,296	159,152	307,330
Rtemp_Me255	M	YB1a	2015	357,398	231,229	163,189	294,336	198,198	296,301	273,304	159,152	320,330
Rtemp_Me287	M	YB1a	2015	356,398	191,229	163,163	294,319	198,198	296,301	273,341	159,160	302,311
Rtemp_Me291	M	YB1a	2015	385,398	191,229	163,168	294,326	198,211	296,301	273,341	159,152	320,330
Rtemp_Me298	M	YB1a	2015	365,393	229,229	163,163	294,336	198,198	299,301	273,302	159,152	315,330
Rtemp_Me300	M	YB1a	2015	398,398	204,229	163,168	294,336	198,198	302,301	273,318	159,158	340,330
Rtemp_Me314	M	YB1a	2015	365,398	191,229	163,168	294,336	198,198	296,301	273,296	159,152	307,330
Rtemp_Me323	M	YB1a	2015	398,398	191,229	163,189	294,319	198,198	296,301	273,341	159,167	340,330
Rtemp_Me324	M	YB1a	2015	346,398	191,229	163,163	294,304	198,198	296,301	273,324	159,157	315,330
Rtemp_Me334	M	YB1a	2015	346,398	191,229	163,168	294,304	198,198	296,301	273,324	159,152	307,330
Rtemp_Me336	M	YB1a	2015	353,398	206,229	163,168	294,307	198,211	304,301	273,343	159,155	311,330
Rtemp_Me339	M	YB1a	2015	398,398	227,229	163,163	294,333	198,198	303,301	273,297	159,152	332,330
Rtemp_Me340	M	YB1a	2015	340,398	191,229	163,168	294,326	198,211	296,301	273,341	159,152	328,330
Rtemp_Me349	M	YB1a	2015	398,398	183,229	163,168	294,333	198,198	298,301	273,318	159,155	332,330
Rtemp_Me358	M	YB1a	2015	395,393	210,229	163,163	294,336	198,198	296,301	273,341	159,167	315,330
Rtemp_Me365	M	YB1a	2015	409,398	191,229	163,163	294,336	198,198	296,301	273,296	159,145	328,330
Rtemp_Me370	M	YB1a	2015	409,398	191,229	163,163	294,336	198,198	296,301	273,318	159,155	311,330
Rtemp_Me378	M	YB1a	2015	423,398	191,229	163,168	294,304	198,198	296,301	273,324	159,152	315,330
Rtemp_Me383	M	YB1a	2015	409,398	191,229	163,163	294,336	198,198	296,301	273,307	159,155	315,332
Rtemp_Me394	M	YB1a	2015	384,398	183,229	163,168	294,326	198,211	296,301	273,343	159,159	307,330
Rtemp_Me399	M	YB1a	2015	382,393	191,229	163,168	294,326	198,211	296,301	273,318	159,162	298,330
Rtemp_Me400	M	YB1a	2015	401,398	191,229	163,168	294,319	198,198	296,301	273,341	159,152	307,330
Rtemp_Me403	M	YB1a	2015	385,398	197,229	163,163	294,336	198,198	296,301	273,307	159,155	302,330
Rtemp_Me413	M	YB1a	2015	401,393	191,229	163,168	294,326	198,211	296,301	273,341	159,152	307,330
Rtemp_Me420	M	YB1a	2015	395,393	204,229	163,163	294,326	198,211	296,301	273,341	159,163	315,330
wm13	M	YB1a	2015	382,398	231,229	163,189	294,336	198,198	296,301	273,307	159,152	338,330
wm20	M	YB1a	2015	423,398	204,229	163,163	294,307	198,198	296,301	273,343	159,159	315,330
wm21	M	YB1a	2015	423,398	191,229	163,168	294,333	198,198	298,301	273,324	159,152	302,330
wm22	M	YB1a	2015	398,398	183,229	163,168	294,336	198,198	296,301	273,296	159,162	315,330
wm24	M	YB1a	2015	342,398	210,229	163,168	294,319	198,198	296,301	273,341	159,152	311,330
wm32	M	YB1a	2015	393,393	197,229	163,163	294,304	198,198	296,301	273,324	159,161	307,330
wm42	M	YB1a	2015	398,398	183,229	163,163	294,336	198,198	296,301	273,296	159,161	324,330
wm44	M	YB1a	2015	365,398	191,229	163,168	294,336	198,198	300,301	273,302	159,152	262,330
wm51	M	YB1a	2015	398,398	227,229	163,163	294,333	198,198	303,301	273,297	159,152	332,330
Rtemp_Me014	M	YB20	2015	356,419	191,207	168,168	294,304	198,198	296,301	279,324	152,159	320,333
Rtemp_Me050	M	YB20	2015	356,372	191,191	168,168	294,336	198,198	296,301	279,334	163,182	308,308
Rtemp_Me074	M	YB20	2015	356,365	191,227	163,168	294,336	198,198	296,301	279,307	152,153	308,337
Rtemp_Me079	M	YB20	2015	376,423	191,191	163,168	294,307	198,211	304,301	279,296	152,163	315,332
Rtemp_Me088	M	YB20	2015	385,409	191,191	168,168	294,333	198,198	298,301	279,321	152,154	320,324
Rtemp_Me135	M	YB20	2015	356,382	197,206	163,163	294,301	198,198	296,301	279,318	163,182	308,308
Rtemp_Me140	M	YB20	2015	353,353	191,245	163,189	294,307	198,198	296,301	279,343	152,152	271,320
Rtemp_Me148	M	YB20	2015	382,423	191,191	168,168	294,336	198,198	296,301	279,307	163,163	308,308
Rtemp_Me157	M	YB20	2015	350,411	191,191	163,163	294,304	198,198	301,301	279,293	152,159	308,321
Rtemp_Me177	M	YB20	2015	356,385	197,197	168,189	294,304	198,198	296,301	279,291	152,159	308,320
Rtemp_Me186	M	YB20	2015	356,356	191,191	168,189	294,304	198,198	296,301	279,324	152,152	308,302
Rtemp_Me195	M	YB20	2015	356,385	191,197	168,189	294,304	198,198	296,301	279,291	172,182	308,328
Rtemp_Me251	M	YB20	2015	356,380	191,191	163,168	294,326	198,211	296,301	279,341	152,182	308,315
Rtemp_Me253	M	YB20	2015	365,382	191,191	163,168	294,335	198,198	301,301	279,300	152,152	308,308
Rtemp_Me260	M	YB20	2015	385,409	191,191	168,168	294,336	198,198	296,301	279,293	152,154	320,324
Rtemp_Me262	M	YB20	2015	380,380	191,191	168,168	294,301	198,198	296,301	279,318	152,163	311,320
Rtemp_Me273	M	YB20	2015	382,401	191,191	163,168	294,304	198,198	296,301	279,293	152,152	308,308
Rtemp_Me274	M	YB20	2015	356,385	191,197	168,189	294,304	198,198	296,301	279,291	152,167	308,308
Rtemp_Me279	M	YB20	2015	329,380	191,191	163,168	294,336	198,198	296,301	279,307	152,159	311,332
Rtemp_Me286	M	YB20	2015	350,350	183,210	189,189	294,304	198,198	296,301	279,291	163,167	337,337
Rtemp_Me293	M	YB20	2015	385,401	191,207	163,168	294,326	198,211	296,301	279,341	159,159	308,308
Rtemp_Me302	M	YB20	2015	365,419	191,197	189,189	294,304	198,198	296,301	279,291	152,154	298,332
Rtemp_Me311	M	YB20	2015	380,380	191,191	168,168	294,301	198,198	296,301	279,318	152,163	311,320
Rtemp_Me333	M	YB20	2015	401,401	191,191	163,189	294,326	198,211	296,301	279,341	159,178	271,315
Rtemp_Me364	M	YB20	2015	346,356	191,191	168,189	294,319	198,198	296,301	279,341	152,160	308,320
Rtemp_Me368	M	YB20	2015	357,382	191,207	163,168	294,335	198,198	301,301	279,300	163,180	308,308
Rtemp_Me377	M	YB20	2015	356,356	191,207	163,168	294,336	198,198	296,301	279,296	152,162	308,302
Rtemp_Me385	M	YB20	2015	357,419	191,197	163,168	294,336	198,198	300,301	279,302	152,152	332,337
Rtemp_Me410	M	YB20	2015	380,380	191,191	168,168	294,326	198,211	296,301	279,341	152,163	311,320
Rtemp_Me423	M	YB20	2015	356,385	191,197	168,189	294,304	198,198	296,301	279,291	182,182	308,328
wm28	M	YB20	2015	385,432	197,197	168,168	294,316	198,198	298,301	279,318	152,169	291,302
wm31	M	YB20	2015	356,356	204,204	168,168	294,336	198,198	296,301	279,318	152,163	308,308
wm33	M	YB20	2015	365,365	207,207	163,168	294,333	198,198	298,301	279,318	152,154	320,328
wm43	M	YB20	2015	356,356	207,207	168,189	294,336	198,198	296,301	279,312	178,154	271,298
wm53	M	YB20	2015	395,395	207,210	163,168	294,336	198,198	296,301	279,304	153,154	308,320
Rtemp_Me006	M	YB2a 	2015	398,398	184,191	189,189	294,304	198,198	296,301	279,324	161,178	271,286
Rtemp_Me009	M	YB2a 	2015	389,389	184,210	189,189	294,336	198,198	296,301	279,300	152,178	271,320
Rtemp_Me015	M	YB2a 	2015	385,385	184,197	163,189	294,336	198,198	296,301	279,296	160,178	271,320
Rtemp_Me022	M	YB2a 	2015	385,385	184,238	168,189	294,307	198,211	304,301	279,296	160,178	271,282
Rtemp_Me027	M	YB2a 	2015	364,364	184,184	168,189	294,326	198,211	296,301	279,341	167,178	271,282
Rtemp_Me030	M	YB2a 	2015	381,381	184,184	163,189	294,336	198,198	296,301	279,307	152,178	271,320
Rtemp_Me152	M	YB2a 	2015	356,368	184,183	168,189	294,326	198,211	296,301	279,341	169,178	271,262
Rtemp_Me214	M	YB2a 	2015	356,385	184,197	163,189	294,336	198,198	296,301	279,296	160,178	271,320
Rtemp_Me230	M	YB2a 	2015	350,385	184,229	163,189	294,326	198,211	296,301	279,341	159,178	271,307
Rtemp_Me421	M	YB2a 	2015	356,428	184,191	168,189	294,336	198,198	296,301	279,307	152,178	271,287
wm23	M	YB2a 	2015	356,368	184,183	168,189	294,326	198,211	296,301	279,341	169,178	271,262
Rtemp_Me016	M	YB2b  	2015	376,395	191,210	168,189	294,326	198,211	296,301	279,343	160,154	308,320
Rtemp_Me021	M	YB2b  	2015	355,368	191,203	163,168	294,326	198,211	296,301	279,341	145,152	308,275
Rtemp_Me071	M	YB2b  	2015	376,385	191,197	168,189	294,304	198,198	296,301	279,296	152,154	308,287
Rtemp_Me145	M	YB2b  	2015	382,382	191,191	168,168	294,333	198,198	298,301	279,318	154,154	308,308
Rtemp_Me149	M	YB2b  	2015	380,380	191,183	163,189	294,333	198,198	298,301	279,321	146,154	308,311
Rtemp_Me166	M	YB2b  	2015	376,378	191,191	189,189	294,304	198,198	296,301	279,304	154,154	308,332
Rtemp_Me227	M	YB2b  	2015	376,395	191,210	163,189	294,336	198,198	296,301	279,304	153,154	308,337
Rtemp_Me303	M	YB2b  	2015	376,395	191,210	168,189	294,326	198,211	296,301	279,343	160,154	308,328
Rtemp_Me315	M	YB2b  	2015	376,356	191,183	189,189	294,304	198,198	296,301	279,321	152,154	308,294
Rtemp_Me320	M	YB2b  	2015	376,350	191,212	168,189	294,333	198,198	298,301	279,321	152,159	308,320
Rtemp_Me325	M	YB2b  	2015	356,385	191,191	168,189	294,336	198,198	296,301	279,321	152,154	308,308
Rtemp_Me335	M	YB2b  	2015	376,350	191,191	168,189	294,326	198,211	296,301	279,341	152,154	308,324
Rtemp_Me345	M	YB2b  	2015	376,385	191,197	163,189	294,336	198,198	296,301	279,304	161,154	308,332
Rtemp_Me381	M	YB2b  	2015	380,380	191,183	163,189	294,333	198,198	298,301	279,321	146,154	308,311
Rtemp_Me003	M	YB30	2015	344,351	191,191	163,189	293,301	198,198	296,302	281,318	152,154	291,342
Rtemp_Me007	M	YB30	2015	381,423	191,191	163,189	293,304	198,198	301,301	281,293	152,160	308,311
Rtemp_Me049	M	YB30	2015	382,382	191,206	189,189	293,333	198,198	303,301	281,306	152,160	311,320
Rtemp_Me080	M	YB30	2015	378,382	191,191	189,189	293,336	198,198	296,301	281,288	152,160	311,315
Rtemp_Me108	M	YB30	2015	378,378	191,245	168,189	293,326	198,211	296,301	281,341	152,155	315,315
Rtemp_Me113	M	YB30	2015	344,391	191,191	168,189	293,336	198,198	296,301	281,307	145,152	311,337
Rtemp_Me118	M	YB30	2015	385,401	191,245	163,168	293,304	198,198	296,301	281,293	152,161	266?,320
Rtemp_Me144	M	YB30	2015	338,415	191,206	168,189	293,304	198,198	301,301	281,293	152,152	298,332
Rtemp_Me147	M	YB30	2015	365,382	191,191	168,189	293,333	198,198	303,301	281,300	152,152	311,315
Rtemp_Me155	M	YB30	2015	325,345	191,191	163,189	293,333	198,198	298,302	281,324	152,155	302,302
Rtemp_Me176	M	YB30	2015	350,382	191,191	168,189	293,336	198,198	296,301	281,312	152,169	311,315
Rtemp_Me178	M	YB30	2015	382,385	191,229	183,189	293,319	198,198	296,301	281,341	152,160	311,320
Rtemp_Me194	M	YB30	2015	352,382	191,191	189,189	293,336	198,198	296,301	281,296	155,160	315,320
Rtemp_Me203	M	YB30	2015	378,423	191,191	168,189	293,315	198,198	298,301	281,285	152,160	307,332
Rtemp_Me242	M	YB30	2015	338,346	191,191	168,189	293,326	198,211	296,301	281,341	152,152	298,307
Rtemp_Me245	M	YB30	2015	346,382	191,191	168,189	293,336	198,198	296,301	281,321	152,155	311,315
Rtemp_Me246	M	YB30	2015	345,382	191,231	168,189	293,304	198,198	296,302	281,321	152,155	315,340
Rtemp_Me252	M	YB30	2015	350,419	191,191	163,168	293,336	198,198	296,301	281,293	152,155	315,332
Rtemp_Me264	M	YB30	2015	382,419	191,191	163,189	293,326	198,211	296,301	281,341	152,163	311,324
Rtemp_Me304	M	YB30	2015	393,393	204,210	163,163	293,333	198,198	296,301	281,293	155,155	307,332
Rtemp_Me308	M	YB30	2015	365,382	191,191	163,189	293,335	198,198	301,301	281,300	155,160	311,337
Rtemp_Me309	M	YB30	2015	365,382	191,191	163,189	293,335	198,198	301,301	281,300	152,160	307,332
Rtemp_Me326	M	YB30	2015	382,385	191,191	168,189	293,336	198,198	296,301	281,307	155,160	302,311
Rtemp_Me332	M	YB30	2015	345,346	191,206	168,189	293,336	198,198	296,302	281,304	155,167	315,340
Rtemp_Me360	M	YB30	2015	343,351	191,191	163,189	293,301	198,198	296,302	281,318	152,155	291,340
Rtemp_Me406	M	YB30	2015	345,382	191,191	168,189	293,319	198,198	296,301	281,341	155,160	287,328
Rtemp_MeM54	M	YB30	2015	378,385	191,191	163,189	293,335	198,198	301,301	281,300	152,172	307,315
wm19	M	YB30	2015	343,376	191,229	177,189	293,333	198,198	303,302	281,306	152,152	302,320
wm49	M	YB30	2015	350,382	191,210	189,189	293,336	198,198	296,301	281,304	152,159	288,311
wm52	M	YB30	2015	382,382	191,191	168,189	293,336	198,198	296,301	281,307	152,152	311,315
Rtemp_Me004	M	YB40	2015	385,385	197,197	168,189	294,304	198,198	296,300	285,291	152,152	316,338
Rtemp_Me025	M	YB40	2015	321,385	191,229	163,177	294,336	198,198	296,300	285,318	154,154	300,316
Rtemp_Me111	M	YB40	2015	363,363	197,229	168,189	294,336	198,198	296,300	285,307	152,164	315,320
Rtemp_Me223	M	YB40	2015	363,410	191,191	163,168	293,336	198,198	296,300	285,307	155,159	298,315
Rtemp_Me263	M	YB40	2015	321,350	214,229	168,177	294,336	198,198	296,300	285,303	155,178	315,328
Rtemp_Me354	M	YB40	2015	365,365	191,197	163,168	294,336	198,198	296,300	285,341	152,160	307,315
Rtemp_Me391	M	YB40	2015	320,378	191,229	163,177	294,336	198,198	296,300	285,304	152,155	315,328
wm17	M	YB40	2015	376,376	197,229	163,168	294,333	198,198	296,300	285,297	152,152	315,315
wm25	M	YB40	2015	353,365	197,210	168,189	294,333	198,198	303,300	285,306	152,153	315,320
Rtemp_Me001	M	YB50	2015	360,389	191,191	163,163	293,326	198,211	296,301	288,341	160,160	311,320
Rtemp_Me041	M	YB50	2015	365,365	191,191	163,168	293,336	198,198	296,301	293,300	165,176	298,307
wm48	M	YB50	2015	384,384	206,206	168,168	293,326	198,211	296,301	293,341	155,176	311,320
Met2-16	M	XX	2016	385,419	197,210	163,189	304,336	198,198	296,296	291,304	152,155	302,302
Met5-16	M	XX	2016	409,419	191,191	163,189	336,336	198,198	296,296	290-2,318	152,162	307,311
Met43_M	M	XX	2016	390,390	191,210	189,189	336,336	198,198	296,296	304,318	152,160	320,337
Met45_M	M	XX	2016	353,385	191,197	163,189	304,304	198,198	296,296	291,293	153,155	287,307
Met48_M	M	XX	2016	345,419	191,191	168,168	336,336	198,198	296,296	290-2,324	152,167	320,324
Met51_M	M	XX	2016	346,382	183,191	163,168	333,336	198,198	296,296	297,304	152,161	315,320
Met52_M	M	XX	2016	360-2,399	191,191	163,168	319,336	198,198	296,296	321,341	160,182	320,320
Met54_M	M	XX	2016	419,419	183,191	163,163	315,336	198,198	296,298	296,304	152,155	287,332
MET16-007M	M	XX	2016	365,365	191,191	168,168	333,333	198,198	296,298	293,324	152,155	311,320
MET16-013M	M	XX	2016	350,357	191,191	163,168	333,336	198,198	298,298	291,318	152,159	307,330
MET16-014M	M	XX	2016	350,357	191,226	163,189	333,336	198,198	296,303	306,321	155,161	307,337
MET16-023M	M	XX	2016	329,353	183,210	163,168	335,336	198,198	296,301	300,300	152,159	320,332
MET16-028M	M	XX	2016	353,378	191,210	163,168	333,333	198,198	296,303	306,318	152,159	320,330
MET16-037M	M	XX	2016	380,419	197,210	163,163	315,336	198,198	296,298	285,321	152,152	311,332
MET16-038M	M	XX	2016	395,423	183,191	168,189	333,336	198,198	296,303	306,307	152,155	311,315
MET16-042M	M	XX	2016	385,419	197,210	163,189	304,336	198,198	296,296	291,304	152,155	302,302
MET16-057M	M	XX	2016	350,385	191,191	163,163	307,307	198,211	296,303	293,304	158,182	311,315
MET16-002F	F	XX_F	2016	345,365	197,227	168,189	319,336	198,198	297,297	300,341	167,159	311,324
MET16-003F	F	XX_F	2016	346,385	191,208	163,168	304,336	198,198	296,296	284,307	155,157	302,337
MET16-005F	F	XX_F	2016	365,376	191,229	168,183	304,326	198,211	296,296	321,341	152,155	266,340
MET16-006F	F	XX_F	2016	340,365	191,227	168,177	326,336	198,211	296,296	296,318	162,169	302,340
MET16-007F	F	XX_F	2016	357,374	191,191	163,189	319,333	198,198	296,296	291,341	155,159	324,332
MET16-008F	F	XX_F	2016	346,365	183,197	168,189	319,336	198,198	296,296	300,341	152,160	320,320
MET16-010F	F	XX_F	2016	360,360	191,191	168,168	304,326	198,211	296,296	291,341	152,152	311,315
MET16-011F	F	XX_F	2016	385,393	197,204	163,163	316,336	198,198	296,298	304,318	161,159	332,340
MET16-012F	F	XX_F	2016	357,360	191,204	177,189	336,336	198,198	296,296	296,296	152,161	311,337
MET16-014F	F	XX_F	2016	357,395	197,210	163,177	307,336	198,211	299,304	296,302	155,165	320,332
MET16-015F	F	XX_F	2016	350,393	191,204	163,163	304,333	198,198	296,303	306,324	152,167	307,315
MET16-016F	F	XX_F	2016	406,423	191,191	168,168	326,336	198,211	296,296	304,341	161,161	298,302
MET16-018F	F	XX_F	2016	378,401	191,191	163,163	304,336	198,198	296,296	293,318	152,167	287,294
MET16-022F	F	XX_F	2016	365,395	191,204	163,168	326,333	198,211	296,296	297,341	152,158	275,302
MET16-023F	F	XX_F	2016	385,406	191,197	163,163	333,336	198,198	296,296	296,304	155,160	320,340
MET16-025F	F	XX_F	2016	346,350	191,197	163,189	304,304	198,198	296,296	291,324	172,172	262,307
MET16-026F	F	XX_F	2016	329,393	183,229	163,168	301,301	198,198	296,296	318,318	167,178	307,307
MET16-027F	F	XX_F	2016	385,419	191,197	168,189	304,336	198,198	296,296	296,321	152,163	324,330
MET16-028F	F	XX_F	2016	345,365	206,206	163,163	336,336	198,198	296,299	302,307	152,167	302,307
MET16-030F	F	XX_F	2016	365,372	191,210	163,189	304,336	198,198	296,300	291,302	167,182	302,307
MET16-031F	F	XX_F	2016	385,385	191,191	163,163	307,336	198,198	296,299	287,318	172,159	307,332
MET16-034F	F	XX_F	2016	353,398	191,197	163,189	304,319	198,198	296,296	304,341	160,167	302,307
MET16-035F	F	XX_F	2016	374,385	191,197	163,189	307,319	198,198	296,296	304,341	160,167	302,307
MET16-036F	F	XX_F	2016	393,395	183,183	168,168	307,315	198,211	298,304	285,296	155,155	302,332
MET16-037F	F	XX_F	2016	346,346	191,206	163,168	333,336	198,198	296,298	290,296	152,167	311,315
MET16-038F	F	XX_F	2016	356,385	191,197	163,163	319,336	198,198	296,296	307,341	152,152	311,332
MET16-042F	F	XX_F	2016	346,353	191,191	163,168	336,336	198,198	296,296	304,307	153,163	315,315
MET16-043F	F	XX_F	2016	346,346	191,197	168,189	304,319	198,198	296,296	324,341	152,152	262,302
MET16-045F	F	XX_F	2016	346,357	191,191	163,163	301,301	198,211	296,296	312,318	155,159	315,315
MET16-046F	F	XX_F	2016	365,423	191,191	168,189	304,326	198,211	296,296	291,341	152,167	302,328
MET16-047F	F	XX_F	2016	325,372	191,191	163,163	333,336	198,198	299,299	318,324	159,161	302,302
MET16-049F	F	XX_F	2016	390,393	191,210	168,189	333,336	198,198	296,296	300,318	152,155	311,320
MET16-050F	F	XX_F	2016	384,390	191,204	163,168	333,336	198,198	296,303	284,303	152,159	311,315
MET16-052F	F	XX_F	2016	346,361	191,191	163,163	304,336	198,198	296,300	302,324	155,159	302,320
MET16-054F	F	XX_F	2016	385,423	191,215	163,177	326,336	198,211	296,303	303,341	160,159	311,311
MET16-055F	F	XX_F	2016	395,409	191,210	168,168	304,336	198,198	296,302	284,291	155,172	302,324
MET16-056F	F	XX_F	2016	365,401	191,229	163,183	304,304	198,198	296,296	321,324	152,152	315,332
MET16-057F	F	XX_F	2016	385,406	191,197	189,189	304,326	198,211	296,296	291,341	152,161	307,315
MET16-059F	F	XX_F	2016	345,387	191,207	163,168	333,336	198,198	296,298	290,321	155,184	307,320
MET16-060F	F	XX_F	2016	365,390	197,204	168,189	326,333	198,211	296,303	306,335	152,165	311,340
Met35_M	M	YB10	2016	378,385	191,215	163,163	294,333	198,198	296,301	273,297	163,176	302,307
Met46_M	M	YB10	2016	401,436	191,229	168,168	294,336	198,198	299,301	273,318	155,159	302,311
MET16-015M	M	YB10	2016	423,427	191,207	168,168	294,304	198,198	296,301	273,324	155,163	315,332
MET16-060M	M	YB10	2016	382,398	223,229	163,168	294,336	198,198	296,301	273,284	167,163	307,337
Met9-16	M	YB1a	2016	409,398	191,229	163,163	294,316	198,198	298,301	273,318	152,159	302,328
Met18_M	M	YB1a	2016	390,393	206,229	163,163	294,336	198,198	296,301	273,318	159,167	311,328
Met21_M	M	YB1a	2016	398,423	191,229	163,189	294,333	198,198	303,301	273,306	152,159	320,328
Met23_M	M	YB1a	2016	346,398	191,229	163,168	294,304	198,198	296,301	273,324	145,159	307,328
Met24_M	M	YB1a	2016	360,393	191,229	163,189	294,301	198,198	296,301	273,318	152,159	307,328
Met30_M	M	YB1a	2016	393,393	204,229	163,163	294,333	198,198	296,301	273,293	155,159	328,337
Met31_M	M	YB1a	2016	398,401	191,229	163,168	294,319	198,198	296,301	273,341	152,159	307,328
Met32_M	M	YB1a	2016	346,398	191,229	163,168	294,336	198,198	296,301	273,290-2	155,159	315,328
Met50_M	M	YB1a	2016	346,393	191,229	163,163	294,304	198,198	296,301	273,324	152,159	315,328
MET16-005M	M	YB1a	2016	374,398	229,229	163,168	294,326	198,211	296,301	273,341	159,155	311,330
MET16-016M	M	YB1a	2016	385,398	197,229	163,189	294,326	198,211	296,301	273,341	159,152	311,332
MET16-049M	M	YB1a	2016	409,398	191,229	163,163	294,316	198,198	298,301	273,318	159,152	302,330
MET16-053M	M	YB1a	2016	401,398	191,229	163,163	294,336	198,198	296,301	273,291	159,163	307,330
MET16-054M	M	YB1a	2016	365,398	229,229	163,163	294,336	198,198	299,301	273,302	159,155	315,330
MET16-055M	M	YB1a	2016	360,398	206,229	163,168	294,304	198,198	296,301	273,291	159,165	340,330
Met33_M	M	YB20	2016	357,385	191,197	168,189	294,336	198,198	296,301	279,307	152,160	275,320
Met34_M	M	YB20	2016	357,372	191,239	168,189	294,307	198,211	304,301	279,296	155,172	302,302
Met10-16	M	YB2a	2016	356,365	191,191	163,168	294,301	198,198	296,301	279,318	161,182	307,311
Met19_M	M	YB2a	2016	393,393	183,210	168,189	294,336	198,198	296,301	279,304	153,178	271,307
Met42_M	M	YB2a	2016	385,390	183,191	163,189	294,336	198,198	296,301	279,307	152,178	271,320
MET16-010M	M	YB2b 	2016	382,393	191,191	163,168	294,326	198,211	296,301	279,341	152,157	308,311
MET16-050M	M	YB2b 	2016	356,365	191,191	163,168	294,301	198,198	296,301	279,318	161,182	308,311
Met4-16	M	YB30	2016	360-2,360-2	191,210	163,189	296,336	198,198	303,303	281,304	152,159	283,328
Met26_M	M	YB30	2016	385,393	191,191	168,168	293,326	198,211	296,301	281,341	156,160	315,340
MET16-003M	M	YB30	2016	382,385	191,191	168,189	293,336	198,198	296,301	281,321	153,160	302,311
MET16-018M	M	YB30	2016	346,380	191,206	168,168	294,304	198,198	296,301	281,304	152,182	302,320
MET16-019M	M	YB30	2016	340,345	191,191	168,189	293,336	198,198	296,302	281,296	145,152	302,324
MET16-021M	M	YB30	2016	350,382	183,191	189,189	293,336	198,198	296,301	281,304	153,159	287,311
MET16-034M	M	YB30	2016	350,382	191,191	168,189	293,336	198,198	296,301	281,296	160,172	308,315
MET16-044M	M	YB30	2016	361,361	191,210	163,189	296,336	198,198	303,303	281,304	152,159	283,330
MET16-073M	M	YB30	2016	385,393	191,191	168,168	293,326	198,211	296,301	281,341	156,160	316,340
Met22_M	M	YB40	2016	385,385	191,229	163,177	294,336	198,198	296,300	285,318	155,155	298,315
Met47_M	M	YB50	2016	346,346	191,191	168,168	293,326	198,211	296,301	293,335	152,176	302,320
MET16-036M	M	YB50	2016	365,372	191,197	168,189	293,336	198,198	296,301	293,296	161,176	298,340
MET16-068M	M	YB50	2016	385,385	191,191	168,168	293,315	198,198	298,301	293,285	152,176	308,324
MET16-094M	M	YB50	2016	346,346	191,191	168,168	293,326	198,211	296,301	293,335	152,176	302,320
MET16-061M	M	YB2a 	2016	353,353	184,191	163,189	294,326	198,211	296,301	279,343	152,178	271,320
MET16-066M	M	YB1a	2016	390,393	206,229	163,163	294,336	198,198	296,301	273,318	159,167	311,330
MET16-067M	M	YB2b  	2016	398,393	184,210	168,189	294,336	198,198	296,301	279,304	152,178	271,308
MET16-069M	M	YB1a	2016	423,398	191,229	163,189	294,333	198,198	303,301	273,306	159,152	320,330
MET16-070M	M	YB40	2016	385,385	191,229	163,177	294,336	198,198	296,300	285,318	155,155	298,315
MET16-071M	M	YB1a	2016	346,398	191,229	163,168	294,304	198,198	296,301	273,324	159,145	307,330
MET16-072M	M	YB1a	2016	360,393	191,229	163,189	294,301	198,198	296,301	273,318	159,152	307,330
MET16-077M	M	YB1a	2016	393,393	204,229	163,163	294,333	198,198	296,301	273,293	159,155	337,330
MET16-078M	M	YB1a	2016	401,398	191,229	163,168	294,319	198,198	296,301	273,341	159,152	307,330
MET16-079M	M	YB1a	2016	346,398	191,229	163,168	294,336	198,198	296,301	273,290	159,155	315,330
MET16-080M	M	YB20	2016	355,385	191,197	168,189	294,336	198,198	296,301	279,307	152,160	275,320
MET16-081M	M	YB20	2016	357,372	191,239	168,189	294,307	198,211	304,301	279,296	155,172	304,302
MET16-082M	M	YB10	2016	378,385	191,215	163,163	294,333	198,198	296,301	273,297	176,163	304,307
MET16-087M	M	YB10	2016	379,385	191,197	163,189	294,304	198,198	296,301	273,324	152,172	308,316
MET16-088M	M	YB1a	2016	385,398	191,229	163,168	294,336	198,198	296,301	273,303	159,165	311,330
MET16-089M	M	YB2a 	2016	385,390	184,191	163,189	294,336	198,198	296,301	279,307	152,178	271,320
MET16-090M	M	XX	2016	390,390	191,210	189,189	336,336	198,198	296,296	304,318	152,160	320,337
MET16-092M	M	XX	2016	353,385	191,197	163,189	304,304	198,198	296,296	291,293	153,155	287,307
MET16-093M	M	YB10	2016	401,436	191,229	168,168	294,336	198,198	299,301	273,318	155,159	304,311
MET16-095M	M	XX	2016	345,419	191,191	168,168	336,336	198,198	296,296	290,324	152,167	320,324
MET16-097M	M	YB1a	2016	346,393	191,229	163,163	294,304	198,198	296,301	273,324	159,152	315,330
MET16-098M	M	XX	2016	346,382	184,191	163,168	333,336	198,198	296,296	297,304	152,161	315,320
MET16-099M	M	XX	2016	360,399	191,191	163,168	319,336	198,198	296,296	321,341	160,182	320,320
MET16-101M	M	XX	2016	419,419	184,191	163,163	315,336	198,198	296,298	296,304	152,155	287,332
Met2-16	F	XX_F	2016	346,353	191,191	163,168	336,336	198,198	296,296	304,307	153,163	315,315
Met3-16	F	XX_F	2016	346,346	191,197	168,189	304,319	198,198	296,296	324,341	152,152	262,302
Met5-16	F	XX_F	2016	346,357	191,191	163,163	301,301	198,211	296,296	312,318	155,159	315,315
Met6-16	F	XX_F	2016	365,423	191,191	168,189	304,326	198,211	296,296	291,341	152,167	302,328
Met7-16	F	XX_F	2016	325,372	191,191	163,163	333,336	198,198	299,299	318,324	159,161	302,302
Met9-16	F	XX_F	2016	390,393	191,210	168,189	333,336	198,198	296,296	300,318	152,155	311,320
Met10-16	F	XX_F	2016	384,390	191,204	163,168	333,336	198,198	296,303	284,303	152,159	311,315
Met12-16	F	XX_F	2016	346,360-2	191,191	163,163	304,336	198,198	296,300	302,324	155,159	302,320
META01F	F	XX_F	2016	395,395	184,204	163,168	301,326	198,211	296,296	318,341	163,163	316,320
META02F	F	XX_F	2016	341,341	191,191	168,189	326,336	198,211	296,296	307,341	152,152	320,320
META03F	F	XX_F	2016	354,364	191,207	163,163	304,336	198,198	296,296	293,296	152,161	311,342
META04F	F	XX_F	2016	354,385	197,210	163,168	326,336	198,211	296,299	318,341	158,167	275,320
META06F	F	XX_F	2016	337,337	184,197	163,177	307,326	198,211	296,296	341,343	154,161	294,311
META07F	F	XX_F	2016	364,364	197,197	163,189	333,335	198,198	296,301	300,318	161,165	316,333
META08F	F	XX_F	2016	357,357	184,210	163,168	336,336	198,198	296,296	296,318	154,160	316,320
META11F	F	XX_F	2016	354,423	191,191	163,168	315,336	198,198	296,298	304,304	152,154	311,316
META12F	F	XX_F	2016	364,364	191,191	189,189	304,326	198,211	296,296	291,341	152,161	282,330
META14F	F	XX_F	2016	356,378	191,210	163,189	304,326	198,211	296,296	304,341	154,182	308,308
META15F	F	XX_F	2016	363,393	210,229	168,168	336,336	198,198	296,296	290,341	152,172	308,316
META16F	F	XX_F	2016	353,353	191,210	163,189	336,336	198,198	296,296	296,296	163,176	320,320
META17F	F	XX_F	2016	362,401	191,191	163,163	304,326	198,211	296,296	324,341	159,182	300,316
META18F	F	XX_F	2016	364,436	197,229	163,189	336,336	198,198	296,299	307,318	152,159	311,320
META22F	F	XX_F	2016	356,360	184,184	163,189	294,336	198,198	296,301	279,296	167,178	271,304
META23F	F	XX_F	2016	341,381	191,216	189,189	333,333	198,198	296,303	306,318	161,167	304,308
META24F	F	XX_F	2016	354,385	191,191	163,163	333,336	198,198	296,298	321,324	154,163	320,329
META25F	F	XX_F	2016	341,341	191,191	189,189	326,333	198,211	296,303	303,341	152,158	320,320
META26F	F	XX_F	2016	354,378	191,210	163,168	333,333	198,198	296,303	306,318	152,159	320,330
META27F	F	XX_F	2016	345,406	191,191	163,163	304,315	198,198	296,298	285,324	152,154	316,333
META28F	F	XX_F	2016	341,357	191,197	163,178	326,333	198,211	296,303	300,341	152,165	308,320
META30F	F	XX_F	2016	385,397	184,191	163,168	326,336	198,211	296,304	341,341	152,159	311,333
META31F	F	XX_F	2016	359,389	191,191	163,163	326,336	198,211	296,300	302,341	154,159	320,329
META32F	F	XX_F	2016	353,419	212,229	168,189	319,333	198,198	296,303	306,341	154,159	320,324
META33F	F	XX_F	2016	329,385	191,216	168,189	301,336	198,198	296,296	296,318	159,163	300,304
META34F	F	XX_F	2016	395,406	191,210	163,168	307,336	198,211	296,304	296,304	159,162	300,304
META35F	F	XX_F	2016	415,415	191,238	163,168	307,336	198,211	296,304	296,296	150,152	311,324
META36F	F	XX_F	2016	341,349	191,191	163,168	315,326	198,211	296,298	285,341	154,172	282,304
METN1F	F	XX_F	2016	364,401	191,191	163,163	301,315	198,198	296,298	285,318	152,163	308,324
METN2F	F	XX_F	2016	345,356	191,238	163,168	304,304	198,198	296,296	291,324	154,162	316,316
